# Created by Octave 4.0.3, Sun Oct 16 00:36:35 2016 GMT <unknown@ChengCheng-PC>
# name: v
# type: matrix
# rows: 4
# columns: 2
 2000 3
 1500 2
 2500 5
 2000 4


